0 22
0 222
0 307
0 539
0 749
0 765
0 775
0 887
0 946
1 130
1 732
1 840
2 16
2 381
2 447
2 464
2 476
2 622
2 638
2 691
2 795
2 917
3 729
3 806
4 69
4 123
4 726
4 793
5 52
5 214
5 548
5 603
5 644
5 666
5 773
5 906
6 7
6 34
6 48
6 208
6 371
6 851
7 6
7 686
8 920
9 345
9 449
9 536
9 658
9 722
9 755
9 758
10 223
10 248
10 468
10 718
10 807
11 323
11 705
11 926
11 965
12 33
12 63
12 192
12 545
15 137
15 356
15 526
15 758
15 774
16 2
16 75
16 172
16 303
16 465
16 691
16 729
16 842
16 938
16 981
17 63
17 265
17 308
17 427
17 445
17 557
17 676
17 708
17 908
18 289
19 595
21 228
21 812
22 0
22 334
24 628
24 913
25 292
25 513
25 525
25 626
28 103
28 411
28 603
30 316
30 883
30 890
30 892
31 182
31 340
31 585
32 640
32 765
33 12
33 343
33 835
34 6
34 139
34 350
34 355
34 474
34 505
34 525
34 540
34 594
34 848
36 452
36 507
36 631
36 901
37 63
37 356
37 362
37 428
37 581
38 886
39 75
39 197
39 385
39 583
41 133
41 498
41 565
41 631
41 846
41 871
41 950
43 414
43 888
43 978
45 137
45 297
45 456
45 4
